6  -0.000000    1.208566   -2.827448
6  -0.000000    1.230962   -1.426909
6   0.000000    0.000000   -0.715069
6   0.000000   -1.230962   -1.426909
6  -0.000000   -0.000000    0.715069
6   0.000000   -1.230962    1.426909
6   0.000000   -2.463434    0.677706
6   0.000000   -2.463434   -0.677706
6  -0.000000    1.230962    1.426909
1   0.000000   -3.405458   -1.230593
6   0.000000   -1.208566   -2.827448
6   0.000000    0.000000   -3.518239
6   0.000000   -1.208566    2.827448
1   0.000000   -3.405458    1.230593
6  -0.000000    1.208566    2.827448
6  -0.000000   -0.000000    3.518239
6  -0.000000    2.463434    0.677706
1   0.000000   -2.153264    3.375637
1  -0.000000    2.153264    3.375637
1  -0.000000   -0.000000    4.609653
1  -0.000000    2.153264   -3.375637
6  -0.000000    2.463434   -0.677706
1   0.000000   -2.153264   -3.375637
1   0.000000    0.000000   -4.609653
1  -0.000000    3.405458    1.230593
1  -0.000000    3.405458   -1.230593